4.410823116058752406e+78
1.346452162428937448e+78
3.219533955231052510e+77
6.586794601291926164e+76
1.228298049356355022e+76
2.163632031733030280e+75
3.670836156518481621e+74
6.065891493689284610e+73
9.829959129604829517e+72
1.569234934372222646e+72
2.475424380944095622e+71
3.867268818349228644e+70
5.993365819946836855e+69
9.225658557165188390e+68
1.411925372504164584e+68
2.150060729571627486e+67
3.259577082688265584e+66
4.920105827986699272e+65
7.377006591579525059e+64
1.087891379835662685e+64
1.570887964116839501e+63
2.249722150782540272e+62
3.216918275949928985e+61
4.598715417174066586e+60
6.573581711244455623e+59
9.396126837274378903e+58
1.343009063867103862e+58
1.919520747037869361e+57
2.743410405338476816e+56
3.920785924809460728e+55
5.603251551738207372e+54
8.007408893403269608e+53
1.144271385009097181e+53
1.635126879197001749e+52
2.336466205412556769e+51
3.338515577546369502e+50
4.770164909516885897e+49
6.815530775826816433e+48
9.737612585991647009e+47
1.391207883338873073e+47
1.987552011666588727e+46
2.839436168242945296e+45
4.056327845164215654e+44
5.794573959107967239e+43
8.277471268776824801e+42
1.182392719042495130e+42
1.688938686546571917e+41
2.412427485448058394e+40
3.445744491372447008e+39
4.921533654076378499e+38
7.029211288825857190e+37
1.003925872673324253e+37
1.433790713231881269e+36
2.047665911510958604e+35
2.924299225719792470e+34
4.176130263858835675e+33
5.963701912505018221e+32
8.516234724051366964e+31
1.216099923230436157e+31
1.736524750823827949e+30
2.479607297700470869e+29
3.540586227703826199e+28
5.055427830493949272e+27
7.218238851004027855e+26
1.030612248962190562e+26
1.471465853659907293e+25
2.100854777779802876e+24
2.999390062655886422e+23
4.282141840690643363e+22
6.113366675809450852e+21
8.727527930686414520e+20
1.245929767838223237e+20
1.778637706070152192e+19
2.539061082037629440e+18
3.624521041594162560e+17
5.173923748967834400e+16
7.385526189304965000e+15
1.054229043956832750e+15
1.504806717417625938e+14
2.147923295607665625e+13
3.065838041872878418e+12
4.375947794431398315e+11
6.245793568934216309e+10
8.914475115529947281e+09
1.272320923809251308e+09
1.815893552320374846e+08
2.591653940894216299e+07
3.698763995616680011e+06
5.278728173442748375e+05
7.533470984657372173e+04
1.075113119522318448e+04
1.534286623865265938e+03
2.189536582056781810e+02
3.124577886006238359e+01
4.458861859997371724e+00
6.362829190508139110e-01
9.079672110326490742e-02
1.295638329342541258e-02
1.848805387625242040e-03
2.638107345752637996e-04
